# Real R-R intervals (ms), PhysioNet Normal Sinus Rhythm RR Interval
# Database (nsr2db) record nsr001, beats 20000-20479. Healthy subject,
# resting. Source: https://physionet.org/content/nsr2db/1.0.0/
641
656
641
680
656
648
648
664
664
664
680
672
664
656
648
656
656
680
648
656
641
641
641
664
656
672
656
656
672
672
672
664
656
664
656
664
656
648
641
648
633
617
617
609
609
586
609
594
594
617
609
625
625
625
648
656
648
633
641
633
625
633
625
633
617
625
625
617
625
617
617
609
664
688
695
672
672
656
664
641
656
641
648
633
641
625
625
625
633
641
633
625
648
648
641
633
625
633
633
641
625
625
625
633
641
633
617
625
633
625
633
609
609
602
609
594
594
609
602
609
594
617
594
617
609
609
602
609
617
609
617
602
594
578
586
594
555
586
562
570
570
562
562
562
555
547
562
555
555
578
570
586
578
586
602
586
586
594
578
570
586
570
586
586
562
594
586
586
578
570
570
570
578
578
602
594
602
617
609
625
609
609
594
602
594
586
586
586
578
578
586
570
578
570
570
570
562
555
555
555
555
531
562
562
578
578
578
586
570
570
562
570
570
578
570
555
562
547
547
562
547
547
562
570
555
539
562
539
547
555
539
547
539
547
547
531
539
539
555
570
562
586
586
609
625
609
609
594
578
570
570
555
562
570
586
602
586
594
586
578
562
578
562
578
602
609
617
617
641
625
617
625
617
609
609
633
617
625
602
609
602
594
602
594
617
602
609
570
578
578
562
555
586
594
594
602
609
602
625
617
609
609
625
602
609
594
602
594
594
594
602
586
586
602
586
609
609
602
586
594
586
578
594
578
586
570
547
578
562
586
586
594
609
602
594
586
578
578
586
570
578
570
555
570
555
586
578
578
586
578
609
570
578
586
586
594
586
609
594
602
609
602
602
586
609
586
609
578
602
617
617
609
594
602
594
578
633
680
633
633
609
609
602
602
602
594
602
586
586
578
602
602
594
602
594
602
586
594
586
586
602
398
578
586
594
586
586
586
578
594
562
570
578
570
562
586
602
586
578
586
594
586
594
586
570
578
570
586
562
578
562
570
555
570
570
578
562
578
570
578
555
555
570
562
562
562
586
586
586
336
578
586
555
578
562
578
562
570
578
578
578
586
578
586
562
586
562
586
586
594
586
570
594
570
578
570
570
586
562
570
